50.2077   16.5617
50.2338   16.5407
50.2431   16.5173
50.3716   16.2933
50.3674   16.2787
50.4509   16.2214
50.5731   16.4319
50.6644   16.3279
50.6646   16.3167
50.6521   16.142
50.662   16.1056
50.6423   16.0757
50.6723   15.9989
50.6818   15.9114
50.7498   15.8197
50.7398   15.7234
50.7607   15.6467
50.7769   15.5911
50.9797   15.2485
50.9887   15.2421
51.0077   15.1424
50.991   15.1416
51.0221   15.0189
51.0108   14.9908
50.9722   15.0151
50.8643   14.9704
50.8721   14.9206
51.076   14.9757
51.221   15.0182
51.2843   15.0342
51.3791   14.9693
51.4721   14.947
51.4948   14.8444
51.5146   14.8048
51.5179   14.796
51.5234   14.7602
51.5314   14.7291
51.5543   14.7181
51.586   14.7325
51.593   14.7421
51.6708   14.7491
51.6794   14.737
51.7584   14.6627
51.7644   14.6509
51.8448   14.6103
51.9068   14.6913
51.9313   14.7035
51.9824   14.7162
52.0037   14.714
52.0538   14.7452
52.0700   14.7552
52.1183   14.6816
52.2504   14.7009
52.3984   14.5346
52.5137   14.611
52.6416   14.5097
52.6545   14.4794
52.6803   14.4351
52.9163   14.1502
52.9449   14.1441
52.9614   14.1437
53.0126   14.2757
53.0257   14.2991
53.0568   14.3488
53.1318   14.3818
53.5153   14.3221
53.6826   14.2837
53.7058   14.2719
53.9287   14.2263
53.9218   14.2659
53.9215   14.2848
53.9926   14.6186
54.0134   14.7029
54.0718   14.9704
54.1667   15.4866
54.2482   15.9394
54.4405   16.3714
54.5235   16.4984
54.5689   16.6817
54.7415   17.3138
54.7435   17.3288
54.7787   17.6354
54.8339   18.0718
54.8343   18.3308
54.7977   18.4215
54.6798   18.7316
54.6252   18.8233
54.5929   18.8098
54.6183   18.7792
54.6501   18.7474
54.7129   18.6364
54.7334   18.5813
54.767   18.4815
54.7217   18.4194
54.5859   18.5385
54.5306   18.5613
54.4013   18.6976
54.4086   18.718
54.3705   18.7803
54.3592   18.9572
54.3443   19.0393
54.3668   19.3324
54.4254   19.567
54.4218   20.0607
54.3929   20.4034
54.371   20.6224
54.3348   21.2206
54.332   21.8559
54.3412   22.2979
54.3541   22.5927
54.3545   22.6086
54.4065   22.8364
54.3992   22.902
54.3828   23.0103
54.2594   23.2594
54.2320   23.3605
54.229   23.3766
54.1987   23.4047
54.1776   23.4245
54.0286   23.5162
54.0118   23.509
54.0024   23.4901
53.9896   23.4851
53.845   23.5451
53.831   23.554
53.5441   23.6516
53.3286   23.7688
53.1623   23.9152
53.1144   23.8854
53.091   23.8778
53.0577   23.9029
53.0299   23.9118
52.7129   23.9386
52.6145   23.7562
52.5802   23.5402
52.4689   23.3567
52.2192   23.2498
52.2091   23.3548
52.1979   23.3702
52.1318   23.5348
52.128   23.5422
52.1178   23.5969
51.981   23.6693
51.9399   23.6445
51.924   23.6312
51.8578   23.6166
51.7798   23.6305
51.7266   23.5429
51.6549   23.5398
51.6176   23.5444
51.5289   23.5854
51.4291   23.6778
51.412   23.7005
51.3905   23.68
51.3135   23.6438
51.2987   23.6514
51.273   23.714
51.2642   23.718
51.2459   23.7252
51.214   23.7412
51.2123   23.7445
51.206   23.7598
51.2047   23.7648
51.1483   23.8659
51.1283   23.8545
51.1105   23.857
51.0786   23.8765
51.0633   23.9129
51.0096   23.9184
51.0062   23.9287
50.8967   24.0514
50.8874   24.0812
50.8396   24.0348
50.8359   24.0325
50.8249   23.975
50.8163   23.9675
50.7959   23.9587
50.7821   23.9655
50.7786   23.9703
50.7706   23.9803
50.7708   24.0021
50.7516   24.022
50.7502   24.018
50.7302   24.0198
50.7182   24.0729
50.6833   24.0663
50.6576   24.0883
50.6438   24.0823
50.6443   24.0876
50.6234   24.0921
50.4139   23.9408
50.3793   23.7087
50.3316   23.6863
50.0789   23.2646
49.7406   22.8734
49.5300   22.6407
49.3698   22.7442
49.2211   22.7201
49.1746   22.7239
49.1277   22.8159
49.1041   22.8552
49.0967   22.8846
49.0614   22.8668
49.0459   22.8711
49.0079   22.8916
49.0249   22.8284
49.0366   22.8001
49.0974   22.4707
49.1842   22.223
49.2627   22.0303
49.2886   22.0129
49.3085   21.9889
49.3316   21.9744
49.3501   21.9525
49.3500   21.9038
49.3736   21.8755
49.4031   21.7243
49.4147   21.6899
49.4452   21.6201
49.4199   21.5235
49.4295   21.4927
49.4331   21.3925
49.4346   21.3827
49.4491   21.2663
49.4354   21.2319
49.4218   21.061
49.4109   21.05
49.3903   21.0793
49.3838   21.0894
49.3622   21.0394
49.296   20.9241
49.3044   20.9172
49.3398   20.8435
49.3352   20.8336
49.4021   20.755
49.4037   20.7423
49.3985   20.605
49.3944   20.601
49.3925   20.4056
49.4061   20.3785
49.4007   20.3686
49.3125   20.1451
49.2768   20.1286
49.1892   20.0859
49.2095   20.012
49.2134   20.0068
49.2307   19.7692
49.2346   19.7663
49.2764   19.8178
49.2989   19.7927
49.3919   19.7088
49.3965   19.7018
49.4044   19.6758
49.5247   19.5401
49.5956   19.4691
49.6047   19.4746
49.6046   19.442
49.586   19.4069
49.5537   19.3666
49.4878   19.2316
49.4682   19.2221
49.4318   18.9883
49.4428   18.9789
49.4968   18.9733
49.5126   18.9547
49.5282   18.8446
49.6799   18.739
49.7049   18.6782
49.7224   18.6253
49.7669   18.6108
49.876   18.5713
49.900   18.5776
49.9208   18.5522
49.9006   18.5245
49.9023   18.5192
50.0121   18.0947
50.063   18.0409
49.994   17.8264
50.0631   17.7563
50.0788   17.7489
50.1419   17.609
50.1778   17.6657
50.2991   17.686
50.2761   17.6417
50.2779   17.5808
50.2715   17.4804
50.2796   17.4008
50.2637   17.352
50.3861   17.2038
50.4178   16.974
50.434   16.9461
50.4483   16.9046
50.3991   16.8815
50.3852   16.9102
50.3422   16.9375
50.2404   17.0153
50.2167   16.9969
50.2178   16.8965
50.2163   16.8888
50.2037   16.8848
50.1996   16.8819
50.2076   16.8486
50.1657   16.7974